times_per_crossvalidation
[18.724891662597656,
 15.251687288284302,
 22.937386989593506,
 19.56699228286743,
 23.467186450958252,
 23.372188329696655,
 23.37841010093689,
 23.410481452941895,
 23.38723373413086,
 23.33891725540161,
 23.36518430709839,
 23.34490394592285,
 27.974813222885132,
 23.705586433410645,
 35.58985352516174,
 30.18278217315674,
 36.20938038825989,
 36.084986209869385,
 36.18425011634827,
 36.164762020111084,
 36.12376403808594,
 36.183167934417725,
 36.09859895706177,
 36.14510536193848,
 37.949702739715576,
 31.975178480148315,
 49.034432888031006,
 42.17804193496704,
 49.97308921813965,
 49.79337430000305,
 49.96233320236206,
 49.86752676963806,
 49.87348246574402,
 49.91985845565796,
 49.9533851146698,
 56.66004824638367,
 48.507091999053955,
 40.63313412666321,
 62.43617486953735,
 53.28510761260986,
 63.57415008544922,
 63.47747087478638,
 63.430135011672974,
 63.48548746109009,
 63.45465898513794,
 63.5044162273407,
 63.453768491744995,
 63.446152210235596,
 59.459152698516846,
 49.56524109840393,
 76.50640177726746,
 65.48416376113892,
 81.21598505973816,
 79.6965479850769,
 79.74862146377563,
 79.84758520126343,
 78.26438808441162,
 78.35367774963379,
 79.96432304382324,
 77.4428391456604,
 70.3721706867218,
 58.58158349990845,
 90.37526965141296,
 77.24312925338745,
 91.8742847442627,
 91.78298115730286,
 91.88456463813782,
 91.80939388275146,
 91.9693992137909,
 91.89828038215637,
 95.53543090820312,
 96.3020715713501,
 81.743155002594,
 68.01355075836182,
 109.12249422073364,
 90.9025011062622,
 108.27988982200623,
 107.78321957588196,
 107.80075025558472,
 107.70159673690796,
 108.04945802688599,
 107.78453493118286,
 107.64113140106201,
 107.67022037506104,
 15.972305536270142,
 13.937240839004517,
 20.99181890487671,
 17.459412097930908,
 22.9867103099823,
 22.30204677581787,
 22.95669388771057,
 22.957817316055298,
 22.95737099647522,
 22.892956972122192,
 22.97559642791748,
 22.95511746406555,
 25.126150608062744,
 21.519115686416626,
 32.983675956726074,
 27.524720430374146,
 36.13729119300842,
 35.175761699676514,
 36.19151306152344,
 36.20526170730591,
 36.227328300476074,
 36.14453721046448,
 36.204623222351074,
 36.243550539016724,
 34.60317850112915,
 29.42979335784912,
 46.183537006378174,
 47.052804708480835,
 50.931015729904175,
 49.37491965293884,
 50.757805824279785,
 50.8569438457489,
 50.78960871696472,
 50.80671548843384,
 50.17225456237793,
 49.95192003250122,
 44.48577642440796,
 37.63737368583679,
 58.487879514694214,
 48.721460819244385,
 63.94362258911133,
 62.18443942070007,
 64.08711385726929,
 64.08224701881409,
 64.05037689208984,
 64.05915212631226,
 64.03483963012695,
 64.22263717651367,
 60.28194546699524,
 46.73017430305481,
 72.72805166244507,
 60.60105776786804,
 79.58746647834778,
 76.63433384895325,
 78.37815999984741,
 78.41223692893982,
 78.37023520469666,
 78.38672304153442,
 78.42200303077698,
 78.40279793739319,
 64.69843864440918,
 54.66929292678833,
 84.98148798942566,
 70.91074275970459,
 98.26028513908386,
 90.40468168258667,
 93.07669115066528,
 96.81161665916443,
 91.93921542167664,
 91.96117734909058,
 92.2900025844574,
 91.96732902526855,
 74.61991739273071,
 62.85253715515137,
 97.52039337158203,
 81.6041669845581,
 106.8504912853241,
 103.6835207939148,
 106.81243205070496,
 106.9126615524292,
 106.79988694190979,
 106.92804193496704,
 113.48848605155945,
 106.68248558044434,
 15.530276536941528,
 13.363941192626953,
 21.357951879501343,
 17.041040658950806,
 22.772709131240845,
 22.6290442943573,
 22.875725746154785,
 22.795825481414795,
 22.77394390106201,
 22.818976640701294,
 22.790800094604492,
 22.798121690750122,
 24.30411458015442,
 20.654441595077515,
 33.63111591339111,
 26.808431386947632,
 35.770493507385254,
 35.62584614753723,
 35.83837342262268,
 35.84827923774719,
 35.87084221839905,
 35.859261989593506,
 35.86805868148804,
 35.86243391036987,
 33.48650884628296,
 28.20417833328247,
 46.372716665267944,
 37.06325578689575,
 49.32789731025696,
 49.13070607185364,
 49.509910583496094,
 54.42534565925598,
 49.32153606414795,
 49.37768626213074,
 49.30241346359253,
 49.43978404998779,
 42.706669330596924,
 35.74704933166504,
 59.404186487197876,
 47.32710647583008,
 70.52044463157654,
 62.89126658439636,
 63.299516916275024,
 63.31422472000122,
 63.256598711013794,
 63.361793756484985,
 63.25239706039429,
 63.28140115737915,
 52.582061529159546,
 43.92665672302246,
 72.70968389511108,
 58.03547692298889,
 77.39008784294128,
 76.99091362953186,
 77.49913239479065,
 77.411372423172,
 77.49448823928833,
 84.25104999542236,
 77.43697690963745,
 77.57005596160889,
 62.23465418815613,
 52.116065979003906,
 86.30012965202332,
 69.05549001693726,
 91.97682118415833,
 91.42322206497192,
 91.90225172042847,
 91.90144085884094,
 91.88670039176941,
 91.85747981071472,
 91.96361231803894,
 92.1133120059967,
 72.40873861312866,
 61.77273082733154,
 100.21276831626892,
 80.07429361343384,
 107.31913542747498,
 107.62083029747009,
 106.50082039833069,
 112.9459764957428,
 106.41997385025024,
 106.48075366020203,
 106.76034426689148,
 106.55574464797974,
 14.380676031112671,
 12.81240439414978,
 20.097403526306152,
 15.668211460113525,
 22.69231081008911,
 21.892556190490723,
 22.7110595703125,
 22.690281867980957,
 22.70592474937439,
 22.67406129837036,
 22.686864852905273,
 22.688313484191895,
 22.47480058670044,
 19.565349817276,
 31.687206268310547,
 34.531617403030396,
 50.51487636566162,
 48.64633584022522,
 50.163818359375,
 50.236316204071045,
 50.252360820770264,
 49.8743782043457,
 37.9743127822876,
 36.12774395942688,
 31.352142095565796,
 27.148510217666626,
 44.32069253921509,
 34.34504699707031,
 49.94195795059204,
 48.27166748046875,
 49.888357162475586,
 49.88336992263794,
 49.95545768737793,
 66.82313895225525,
 69.51925826072693,
 69.496342420578,
 54.61889934539795,
 46.88065028190613,
 62.19821619987488,
 44.12221002578735,
 63.95031929016113,
 61.93679904937744,
 64.08553338050842,
 82.37122058868408,
 89.40699601173401,
 89.29977035522461,
 83.53486204147339,
 75.89078903198242,
 66.82616853713989,
 57.079203844070435,
 96.44812536239624,
 67.33370637893677,
 78.35020351409912,
 75.85154938697815,
 78.3808102607727,
 78.42937445640564,
 78.48251700401306,
 78.46256923675537,
 78.35435247421265,
 78.36873579025269,
 58.79606246948242,
 49.83013725280762,
 82.88496828079224,
 64.36244559288025,
 92.93299436569214,
 90.23706126213074,
 93.02441573143005,
 93.04355812072754,
 93.14504647254944,
 93.06730842590332,
 93.00681352615356,
 92.99362015724182,
 68.08517026901245,
 57.64164137840271,
 96.07403802871704,
 74.67103600502014,
 107.84472298622131,
 104.53923916816711,
 107.87648820877075,
 108.12856602668762,
 107.89128470420837,
 107.81547713279724,
 107.7543089389801,
 107.85279512405396]

error_matrix_validation
[[[0.1149375,
   0.1275,
   0.170375,
   0.11756250000000004,
   0.20431249999999998,
   0.19568750000000001,
   0.20431249999999998,
   0.204875,
   0.204875,
   0.204875,
   0.204875,
   0.204875],
  [0.1063125,
   0.11499999999999999,
   0.1719375,
   0.11274999999999999,
   0.20425000000000001,
   0.196375,
   0.20425000000000001,
   0.2045625,
   0.2045625,
   0.2045625,
   0.2045625,
   0.2045625],
  [0.10175000000000001,
   0.10643750000000002,
   0.1714375,
   0.10743749999999999,
   0.202625,
   0.19631249999999997,
   0.202625,
   0.2028125,
   0.2028125,
   0.2028125,
   0.2028125,
   0.2028125],
  [0.09893750000000001,
   0.10093749999999999,
   0.16975,
   0.10468750000000002,
   0.199875,
   0.19324999999999998,
   0.199875,
   0.199875,
   0.199875,
   0.199875,
   0.199875,
   0.199875],
  [0.09687499999999999,
   0.0988125,
   0.1695,
   0.10368749999999999,
   0.1974375,
   0.192,
   0.1974375,
   0.1974375,
   0.1974375,
   0.1974375,
   0.1974375,
   0.1974375],
  [0.0958125,
   0.09693749999999998,
   0.16962500000000003,
   0.10249999999999998,
   0.1965625,
   0.191125,
   0.1965625,
   0.196625,
   0.196625,
   0.196625,
   0.196625,
   0.196625],
  [0.09493749999999998,
   0.0948125,
   0.169625,
   0.102375,
   0.195375,
   0.19068749999999998,
   0.195375,
   0.195625,
   0.195625,
   0.195625,
   0.195625,
   0.195625]],
 [[0.0653125,
   0.07224999999999998,
   0.1391875,
   0.0688125,
   0.22768750000000001,
   0.20031249999999998,
   0.22768750000000001,
   0.22781250000000003,
   0.22781250000000003,
   0.22781250000000003,
   0.22781250000000003,
   0.22781250000000003],
  [0.06006249999999999,
   0.064,
   0.1355,
   0.06443750000000001,
   0.2271875,
   0.198375,
   0.2271875,
   0.2271875,
   0.2271875,
   0.2271875,
   0.2271875,
   0.2271875],
  [0.0584375,
   0.05875,
   0.13362499999999997,
   0.06312499999999999,
   0.22518749999999998,
   0.19625,
   0.22518749999999998,
   0.22518749999999998,
   0.22518749999999998,
   0.22518749999999998,
   0.22518749999999998,
   0.22518749999999998],
  [0.05706249999999999,
   0.056375000000000036,
   0.13174999999999998,
   0.06225,
   0.22437500000000002,
   0.1948125,
   0.22437500000000002,
   0.2244375,
   0.2244375,
   0.2244375,
   0.2244375,
   0.2244375],
  [0.055875000000000036,
   0.05449999999999999,
   0.13062499999999996,
   0.06181249999999999,
   0.2234375,
   0.194,
   0.2234375,
   0.2235,
   0.2235,
   0.2235,
   0.2235,
   0.2235],
  [0.05500000000000002,
   0.053562499999999985,
   0.13,
   0.06193749999999998,
   0.22325,
   0.1930625,
   0.22325,
   0.22331250000000002,
   0.22331250000000002,
   0.22331250000000002,
   0.22331250000000002,
   0.22331250000000002],
  [0.05443750000000003,
   0.0516875,
   0.12893749999999998,
   0.06068749999999998,
   0.22250000000000003,
   0.19199999999999998,
   0.22250000000000003,
   0.22250000000000003,
   0.22250000000000003,
   0.22250000000000003,
   0.22250000000000003,
   0.22250000000000003]],
 [[0.06875,
   0.0775625,
   0.17006249999999998,
   0.0735625,
   0.22456250000000003,
   0.2176875,
   0.22456250000000003,
   0.22412500000000002,
   0.22412500000000002,
   0.22412500000000002,
   0.22412500000000002,
   0.22412500000000002],
  [0.06318750000000001,
   0.0685625,
   0.1631875,
   0.06949999999999998,
   0.22168749999999998,
   0.21381250000000002,
   0.22168749999999998,
   0.22124999999999997,
   0.22124999999999997,
   0.22124999999999997,
   0.22124999999999997,
   0.22124999999999997],
  [0.06006249999999999,
   0.06437499999999999,
   0.1599375,
   0.06687500000000002,
   0.221,
   0.21287500000000004,
   0.221,
   0.2204375,
   0.2204375,
   0.2204375,
   0.2204375,
   0.2204375],
  [0.05806249999999999,
   0.060124999999999984,
   0.15837500000000002,
   0.06574999999999998,
   0.219375,
   0.213125,
   0.219375,
   0.219125,
   0.219125,
   0.219125,
   0.219125,
   0.219125],
  [0.05687500000000001,
   0.0574375,
   0.15843749999999998,
   0.06418750000000001,
   0.219,
   0.21318750000000003,
   0.219,
   0.2186875,
   0.2186875,
   0.2186875,
   0.2186875,
   0.2186875],
  [0.056187499999999974,
   0.05587500000000001,
   0.1575625,
   0.0630625,
   0.21831250000000002,
   0.2128125,
   0.21831250000000002,
   0.218125,
   0.218125,
   0.218125,
   0.218125,
   0.218125],
  [0.055812500000000015,
   0.05437500000000001,
   0.15675,
   0.06275,
   0.2176875,
   0.2125625,
   0.2176875,
   0.217375,
   0.217375,
   0.217375,
   0.217375,
   0.217375]],
 [[0.05781249999999999,
   0.05712500000000001,
   0.09162500000000001,
   0.0625,
   0.13318750000000001,
   0.11906249999999999,
   0.13318750000000001,
   0.1333125,
   0.1333125,
   0.1333125,
   0.1333125,
   0.1333125],
  [0.0556875,
   0.05224999999999999,
   0.0914375,
   0.06131249999999999,
   0.1334375,
   0.11875000000000002,
   0.1334375,
   0.1335,
   0.1335,
   0.1335,
   0.1335,
   0.1335],
  [0.054312500000000014,
   0.050437499999999996,
   0.0905,
   0.060624999999999984,
   0.1321875,
   0.11743750000000003,
   0.1321875,
   0.13225,
   0.13225,
   0.13225,
   0.13225,
   0.13225],
  [0.053125000000000006,
   0.04825000000000004,
   0.08956249999999999,
   0.059937500000000005,
   0.13125,
   0.11631249999999999,
   0.13125,
   0.13137500000000002,
   0.13137500000000002,
   0.13137500000000002,
   0.13137500000000002,
   0.13137500000000002],
  [0.0524375,
   0.04731249999999998,
   0.08893750000000003,
   0.05931249999999999,
   0.1300625,
   0.11556250000000001,
   0.1300625,
   0.13018749999999998,
   0.13018749999999998,
   0.13018749999999998,
   0.13018749999999998,
   0.13018749999999998],
  [0.0519375,
   0.046375,
   0.08856250000000004,
   0.05912499999999998,
   0.12981249999999997,
   0.115375,
   0.12981249999999997,
   0.129875,
   0.129875,
   0.129875,
   0.129875,
   0.129875],
  [0.05124999999999999,
   0.045625,
   0.08850000000000002,
   0.059,
   0.1295,
   0.11474999999999999,
   0.1295,
   0.1295,
   0.1295,
   0.1295,
   0.1295,
   0.1295]]]

variance_matrix_validation
[[[3.4730468750000026e-05,
   4.109374999999975e-05,
   2.829687500000029e-05,
   2.1136718749999966e-05,
   3.5855468750000216e-05,
   4.426171874999984e-05,
   3.5855468750000216e-05,
   2.520312499999981e-05,
   2.520312499999981e-05,
   2.520312499999981e-05,
   2.520312499999981e-05,
   2.520312499999981e-05],
  [2.335546874999991e-05,
   1.22812500000001e-05,
   1.7449218750000117e-05,
   1.528124999999995e-05,
   3.928124999999988e-05,
   7.145312499999964e-05,
   3.928124999999988e-05,
   3.348046874999999e-05,
   3.348046874999999e-05,
   3.348046874999999e-05,
   3.348046874999999e-05,
   3.348046874999999e-05],
  [1.1468750000000235e-05,
   6.992187499999952e-07,
   1.7324218750000097e-05,
   1.1167968749999795e-05,
   5.4703125000000295e-05,
   6.223046874999994e-05,
   5.4703125000000295e-05,
   5.073046875000014e-05,
   5.073046875000014e-05,
   5.073046875000014e-05,
   5.073046875000014e-05,
   5.073046875000014e-05],
  [5.855468749999991e-06,
   2.0742187499999873e-06,
   1.740625000000012e-05,
   9.01171875000007e-06,
   5.164062500000026e-05,
   5.5718749999999704e-05,
   5.164062500000026e-05,
   5.164062500000026e-05,
   5.164062500000026e-05,
   5.164062500000026e-05,
   5.164062500000026e-05,
   5.164062500000026e-05],
  [1.0640624999999822e-05,
   5.4492187500000075e-06,
   1.5468750000000047e-05,
   1.366796875000008e-05,
   4.710546875000037e-05,
   4.4031249999999644e-05,
   4.710546875000037e-05,
   4.710546875000037e-05,
   4.710546875000037e-05,
   4.710546875000037e-05,
   4.710546875000037e-05,
   4.710546875000037e-05],
  [1.1167968750000163e-05,
   8.761718749999986e-06,
   1.3390624999999953e-05,
   1.3531249999999932e-05,
   4.3917968750000195e-05,
   3.251562499999992e-05,
   4.3917968750000195e-05,
   4.2796875000000314e-05,
   4.2796875000000314e-05,
   4.2796875000000314e-05,
   4.2796875000000314e-05,
   4.2796875000000314e-05],
  [1.601171875000008e-05,
   1.298046875000007e-05,
   1.0828125000000217e-05,
   2.0921874999999846e-05,
   3.8515625000000084e-05,
   3.2292968749999675e-05,
   3.8515625000000084e-05,
   3.439062500000007e-05,
   3.439062500000007e-05,
   3.439062500000007e-05,
   3.439062500000007e-05,
   3.439062500000007e-05]],
 [[1.5136718750000029e-05,
   8.468750000000202e-06,
   8.760546875000024e-05,
   2.0449218749999838e-05,
   0.00018848046874999944,
   0.00020985546874999986,
   0.00018848046874999944,
   0.00019391796875000005,
   0.00019391796875000005,
   0.00019391796875000005,
   0.00019391796875000005,
   0.00019391796875000005],
  [1.2824218750000013e-05,
   1.1062499999999923e-05,
   7.296875000000048e-05,
   2.0667968750000124e-05,
   0.0001681054687500001,
   0.00014945312500000023,
   0.0001681054687500001,
   0.0001681054687500001,
   0.0001681054687500001,
   0.0001681054687500001,
   0.0001681054687500001,
   0.0001681054687500001],
  [1.1824218749999963e-05,
   3.218749999999943e-06,
   5.079687499999991e-05,
   1.4765624999999732e-05,
   0.00015226171875000043,
   9.24687499999994e-05,
   0.00015226171875000043,
   0.00015226171875000043,
   0.00015226171875000043,
   0.00015226171875000043,
   0.00015226171875000043,
   0.00015226171875000043],
  [1.035546875e-05,
   5.671875000000062e-06,
   3.240625000000004e-05,
   1.6718749999999966e-05,
   0.00013001562499999995,
   7.638671874999955e-05,
   0.00013001562499999995,
   0.00013216796874999972,
   0.00013216796874999972,
   0.00013216796874999972,
   0.00013216796874999972,
   0.00013216796874999972],
  [8.890624999999935e-06,
   4.156249999999932e-06,
   2.5640625000000107e-05,
   1.157421875000014e-05,
   0.0001135117187500001,
   7.790625000000016e-05,
   0.0001135117187500001,
   0.00011553124999999987,
   0.00011553124999999987,
   0.00011553124999999987,
   0.00011553124999999987,
   0.00011553124999999987],
  [8.656249999999953e-06,
   6.792968749999919e-06,
   1.6968750000000077e-05,
   1.213671874999991e-05,
   0.00010128124999999982,
   6.985546874999982e-05,
   0.00010128124999999982,
   0.00010316796875000045,
   0.00010316796875000045,
   0.00010316796875000045,
   0.00010316796875000045,
   0.00010316796875000045],
  [6.636718750000124e-06,
   7.042968749999965e-06,
   1.4105468749999971e-05,
   1.2136718749999949e-05,
   9.350000000000016e-05,
   5.4281249999999744e-05,
   9.350000000000016e-05,
   9.350000000000016e-05,
   9.350000000000016e-05,
   9.350000000000016e-05,
   9.350000000000016e-05,
   9.350000000000016e-05]],
 [[2.4874999999999795e-05,
   3.1324218750000177e-05,
   0.00023457421875000014,
   1.844921875000003e-05,
   5.732421875e-05,
   7.488671874999974e-05,
   5.732421875e-05,
   5.926562500000009e-05,
   5.926562500000009e-05,
   5.926562500000009e-05,
   5.926562500000009e-05,
   5.926562500000009e-05],
  [1.4730468749999666e-05,
   3.2355468749999785e-05,
   0.00021073046874999955,
   4.124999999999897e-06,
   7.819921874999974e-05,
   0.00011204296875000038,
   7.819921874999974e-05,
   8.309374999999982e-05,
   8.309374999999982e-05,
   8.309374999999982e-05,
   8.309374999999982e-05,
   8.309374999999982e-05],
  [1.2230468750000075e-05,
   2.0171874999999686e-05,
   0.00019382421875000004,
   4.76562499999995e-06,
   0.00010684374999999938,
   0.00012139062500000008,
   0.00010684374999999938,
   0.00011398046874999925,
   0.00011398046874999925,
   0.00011398046874999925,
   0.00011398046874999925,
   0.00011398046874999925],
  [1.0167968749999849e-05,
   1.517187499999992e-05,
   0.00016470312500000038,
   3.9062500000000695e-06,
   0.00012014062499999978,
   0.00011192187500000007,
   0.00012014062499999978,
   0.00012339062499999975,
   0.00012339062499999975,
   0.00012339062499999975,
   0.00012339062499999975,
   0.00012339062499999975],
  [6.1718750000000145e-06,
   1.2136718749999825e-05,
   0.00014263671875000035,
   4.167968749999883e-06,
   0.00010837500000000072,
   0.00010419921875000013,
   0.00010837500000000072,
   0.00011179296875000065,
   0.00011179296875000065,
   0.00011179296875000065,
   0.00011179296875000065,
   0.00011179296875000065],
  [2.3242187499999947e-06,
   1.2140624999999907e-05,
   0.00012469921875000043,
   4.355468750000102e-06,
   9.541796874999964e-05,
   0.00010204296875000011,
   9.541796874999964e-05,
   9.73281249999997e-05,
   9.73281249999997e-05,
   9.73281249999997e-05,
   9.73281249999997e-05,
   9.73281249999997e-05],
  [1.2304687499999996e-06,
   8.296875000000088e-06,
   0.00012987499999999943,
   3.0312499999999013e-06,
   9.310546874999964e-05,
   9.76679687499999e-05,
   9.310546874999964e-05,
   9.601562499999956e-05,
   9.601562499999956e-05,
   9.601562499999956e-05,
   9.601562499999956e-05,
   9.601562499999956e-05]],
 [[1.2917968749999941e-05,
   4.953124999999971e-06,
   6.828124999999967e-06,
   1.0343749999999914e-05,
   2.8417968749999794e-05,
   2.9636718749999797e-05,
   2.8417968749999794e-05,
   2.9917968749999624e-05,
   2.9917968749999624e-05,
   2.9917968749999624e-05,
   2.9917968749999624e-05,
   2.9917968749999624e-05],
  [1.688671875000006e-05,
   1.718749999999996e-06,
   7.699218750000007e-06,
   1.2386718749999884e-05,
   2.7699218749999702e-05,
   3.340625000000007e-05,
   2.7699218749999702e-05,
   2.834374999999992e-05,
   2.834374999999992e-05,
   2.834374999999992e-05,
   2.834374999999992e-05,
   2.834374999999992e-05],
  [1.0417968750000024e-05,
   6.679687499999777e-07,
   4.9062500000000295e-06,
   1.4515624999999785e-05,
   3.201171874999991e-05,
   3.329296875000016e-05,
   3.201171874999991e-05,
   3.2656249999999835e-05,
   3.2656249999999835e-05,
   3.2656249999999835e-05,
   3.2656249999999835e-05,
   3.2656249999999835e-05],
  [1.0765624999999952e-05,
   1.8750000000000035e-07,
   4.730468750000058e-06,
   1.4761718750000072e-05,
   2.3125000000000152e-05,
   2.2824218750000075e-05,
   2.3125000000000152e-05,
   2.4171875000000267e-05,
   2.4171875000000267e-05,
   2.4171875000000267e-05,
   2.4171875000000267e-05,
   2.4171875000000267e-05],
  [9.79296875000009e-06,
   2.6171874999998746e-07,
   5.074218750000027e-06,
   1.304296874999992e-05,
   1.6480468750000073e-05,
   2.5136718749999823e-05,
   1.6480468750000073e-05,
   1.719921875e-05,
   1.719921875e-05,
   1.719921875e-05,
   1.719921875e-05,
   1.719921875e-05],
  [7.730468750000066e-06,
   5.781250000000391e-07,
   5.042968749999969e-06,
   1.3171874999999917e-05,
   1.7792968749999736e-05,
   2.2015625000000062e-05,
   1.7792968749999736e-05,
   1.8140624999999856e-05,
   1.8140624999999856e-05,
   1.8140624999999856e-05,
   1.8140624999999856e-05,
   1.8140624999999856e-05],
  [9.968750000000095e-06,
   1.7968750000000416e-06,
   5.4687500000001134e-06,
   1.178125000000007e-05,
   1.9281250000000194e-05,
   2.2343749999999964e-05,
   1.9281250000000194e-05,
   1.9281250000000194e-05,
   1.9281250000000194e-05,
   1.9281250000000194e-05,
   1.9281250000000194e-05,
   1.9281250000000194e-05]]]





